2
20,20,20,1000,2048,1000000,10000,1000,10000,512,1000
5,5,5,5000,10240,5000000,50000,5000,50000,2560,5000
359.33
360.55
316.11
312.77
278.11
271.55
234.99
221.99
183.33
190.33
212.22
203.33
244.1
249.55
291.77
310.99
352.33
356.77
406.99
395.33
444.33
440.55
40,40,40,1000,2048,1000000,10000,1000,10000,512,1000
10,10,10,5000,10240,5000000,50000,5000,50000,2560,5000
154.11
158.77
135.77
136.99
117.77
121.33
100.33
96.4
86.55
89.1
108.65
95.44
126.32
114.1
146.33
142.53
155.55
164.77
186.33
191.78
215.77
204.78
60,60,60,1000,2048,1000000,10000,1000,10000,512,1000
15,15,15,5000,10240,5000000,50000,5000,50000,2560,5000
94.33
102.58
85.55
80.77
70.99
75.43
56.99
62.77
49.44
55.22
62.66
73.66
94.99
77.99
92.43
96.11
104.65
102.66
122.77
126.1
137.11
136.99
80,80,80,1000,2048,1000000,10000,1000,10000,512,1000
20,20,20,5000,10240,5000000,50000,5000,50000,2560,5000
65.99
60.99
55.87
59.55
54.76
47.76
40.55
40.33
41.98
35.98
53.11
54.22
60.53
55.42
72.64
63.88
86.0
82.08
91.22
99.44
100.65
96.66
100,100,100,1000,2048,1000000,10000,1000,10000,512,1000
25,25,25,5000,10240,5000000,50000,5000,50000,2560,5000
51.44
54.95
39.11
44.22
34.2
39.11
30.87
30.1
33.87
37.76
41.87
40.98
52.31
45.2
58.44
60.44
65.64
65.66
75.88
73.75
78.55
79.0
120,120,120,1000,2048,1000000,10000,1000,10000,512,1000
30,30,30,5000,10240,5000000,50000,5000,50000,2560,5000
39.65
38.34
32.43
34.55
23.0
29.32
26.54
29.54
29.54
30.76
35.76
37.87
40.98
49.22
46.98
51.31
56.42
58.09
66.64
70.54
67.31
65.64
140,140,140,1000,2048,1000000,10000,1000,10000,512,1000
35,35,35,5000,10240,5000000,50000,5000,50000,2560,5000
31.88
31.88
27.22
31.1
23.09
23.86
25.65
26.32
29.65
25.65
33.87
37.87
43.98
40.87
43.98
44.87
51.31
46.22
53.44
58.2
57.22
62.33
160,160,160,1000,2048,1000000,10000,1000,10000,512,1000
40,40,40,5000,10240,5000000,50000,5000,50000,2560,5000
25.31
28.32
24.88
23.65
19.32
20.32
20.32
20.21
28.65
25.54
28.43
28.65
37.65
33.76
42.98
44.09
43.0
46.87
50.2
45.2
51.22
53.22
180,180,180,1000,2048,1000000,10000,1000,10000,512,1000
45,45,45,5000,10240,5000000,50000,5000,50000,2560,5000
22.43
20.91
20.87
20.77
16.32
18.52
20.32
20.43
28.54
24.65
28.65
29.65
35.76
32.76
35.76
33.76
41.09
38.87
50.2
41.09
46.2
43.2
200,200,200,1000,2048,1000000,10000,1000,10000,512,1000
50,50,50,5000,10240,5000000,50000,5000,50000,2560,5000
17.21
22.41
14.77
19.64
18.32
13.64
20.32
20.32
20.32
20.43
30.54
28.65
29.65
28.65
35.76
30.87
35.87
37.76
41.98
37.76
45.76
42.0
20,20,20,1000,2048,1000000,10000,1000,10000,512,1000
5,5,5,5000,10240,5000000,50000,5000,50000,2560,5000
354.77
355.99
322.11
317.99
279.55
272.77
236.11
233.77
202.55
190.77
192.78
206.0
246.2
271.76
290.55
315.33
351.99
377.11
400.77
391.77
433.11
457.21
20,20,20,1000,2048,1000000,10000,1000,10000,512,1000
5,5,5,10000,20480,10000000,100000,10000,100000,5120,10000
167.55
175.0
146.77
143.33
123.99
122.77
121.99
122.77
164.77
159.22
207.1
202.32
251.55
244.33
318.55
301.2
349.77
347.33
386.55
392.21
440.55
445.99
20,20,20,1000,2048,1000000,10000,1000,10000,512,1000
5,5,5,15000,30720,15000000,150000,15000,150000,7680,15000
107.66
105.78
91.97
85.78
74.99
79.42
126.31
120.1
171.77
173.34
203.33
212.0
245.33
262.77
311.33
304.55
347.77
352.77
386.11
399.33
450.77
432.99
20,20,20,1000,2048,1000000,10000,1000,10000,512,1000
5,5,5,20000,40960,20000000,200000,20000,200000,10240,20000
80.94
78.94
70.61
67.94
72.88
78.88
127.77
125.77
158.77
173.44
209.33
208.22
247.55
247.77
309.33
288.99
369.99
357.99
405.55
403.21
451.33
439.77
20,20,20,1000,2048,1000000,10000,1000,10000,512,1000
5,5,5,25000,51200,25000000,250000,25000,250000,12800,25000
60.51
59.02
48.15
52.51
79.55
73.77
111.1
105.66
158.9
178.77
219.77
192.0
263.77
256.77
298.98
305.77
337.55
356.55
409.55
393.33
443.77
449.55
20,20,20,1000,2048,1000000,10000,1000,10000,512,1000
5,5,5,30000,61440,30000000,300000,30000,300000,15360,30000
54.44
47.1
38.7
40.65
86.21
78.21
113.09
119.31
160.55
150.33
200.33
192.55
270.54
265.54
307.55
315.99
357.21
351.33
416.33
405.77
436.21
458.33
20,20,20,1000,2048,1000000,10000,1000,10000,512,1000
5,5,5,35000,71680,35000000,350000,35000,350000,17920,35000
39.19
41.98
36.76
37.9
64.88
81.0
131.32
117.65
174.34
172.97
198.55
211.0
257.88
262.32
296.33
308.55
378.11
337.99
394.77
402.11
446.77
449.77
20,20,20,1000,2048,1000000,10000,1000,10000,512,1000
5,5,5,40000,81920,40000000,400000,40000,400000,20480,40000
32.72
35.36
31.87
37.09
75.86
83.0
132.09
122.1
157.77
168.97
219.77
224.66
246.11
269.99
288.55
300.77
333.55
348.77
404.89
393.77
443.77
444.33
20,20,20,1000,2048,1000000,10000,1000,10000,512,1000
5,5,5,45000,92160,45000000,450000,45000,450000,23040,45000
36.41
36.82
50.2
35.87
75.86
86.22
121.1
122.77
158.55
146.33
220.22
197.55
255.77
239.55
302.33
292.33
338.33
335.55
407.11
398.55
444.55
443.33
20,20,20,1000,2048,1000000,10000,1000,10000,512,1000
5,5,5,50000,102400,50000000,500000,50000,500000,25600,50000
25.93
26.93
37.87
47.98
72.86
67.1
105.65
114.55
148.33
157.22
208.0
207.33
261.54
251.1
315.99
306.77
351.77
351.33
397.11
406.77
447.55
443.77
